c  = 15.685;
b  = 2.21996e-08;
q  = 2.52524e-07;
e  = 0.14285714285714285;
l  = 0.07142857142857142;
n  = 0.917567;
di = 0.153975;
dq = 0.17793;
yi = 0.33029;
ya = 0.13978;
yh = 0.11624;
a  = 1.7826e-05;
S  = 1000000;
E  = 0;
I  = 100;
A  = 0;
Sq = 0;
Eq = 0;
H  = 0;
R  = 0;
D  = 0;
