c  = 1.4781000000000002;
b  = 2.1011e-08;
q  = 1.8887e-07;
e  = 0.14285714285714285;
l  = 0.07142857142857142;
n  = 0.86834;
di = 0.13266;
dq = 0.1259;
yi = 0.33029;
ya = 0.13978;
yh = 0.11624;
a  = 1.7826e-05;
S  = 10797950.23;
E  = 24564.53;
I  = 3392.67;
A  = 810.93;
Sq = 251448.48;
Eq = 0.34;
H  = 801.43;
R  = 2961.01;
D  = 0.16;
